@SMTTCC

@jobs
0,0
22,72
111,67
180,94
187,13
165,68
207,9
185,32
291,46
278,1
290,11
214,69
364,10
193,44
306,21
254,72
256,66
487,13
429,54
688,29
476,84
556,22
407,51
606,57
652,2
929,32
726,1
358,8
837,3
475,32
467,6
963,23
430,82
754,94
546,71
1026,94
1116,41
544,75
779,52
1028,58
831,53
1216,79
776,68
1472,69
1330,22
1230,55
1098,55
1441,28
1656,38
1296,64
1021,98
1308,20
2130,95
2146,59
1742,37
1636,16
1340,73
1379,25
1856,24
1460,24
2479,98
2064,22
1908,7
2255,47
2528,42
1487,79
1409,88
2451,95
2033,94
2650,76
2501,17
2393,37
1764,71
3137,34
1546,51
2141,82
2584,94
2116,48
2502,9
2845,90
2303,54
3359,10
2595,57
2155,89
2714,34
1371,36
2597,82
2758,17
2199,67
2241,20
2996,60
1493,89
2811,96
2386,92
1505,49
2762,73
3659,98
2561,25
2936,88
2703,99
4388,9

@changeover
0, 12, 15, 95, 21, 42, 74, 74, 32, 42, 87, 63, 69, 29, 7, 27, 43, 14, 12, 14, 17, 1, 79, 36, 20, 51, 6, 8, 49, 14, 83, 12, 26, 16, 97, 82, 46, 76, 69, 95, 39, 88, 59, 95, 49, 72, 44, 65, 56, 64, 36, 48, 13, 86, 77, 69, 16, 40, 24, 39, 42, 80, 71, 72, 48, 42, 27, 1, 95, 71, 61, 73, 51, 25, 15, 15, 98, 70, 11, 67, 65, 78, 78, 36, 69, 99, 82, 2, 11, 93, 88, 84, 84, 78, 42, 59, 45, 18, 60, 87, 91, 
94, 0, 58, 54, 66, 84, 90, 93, 6, 31, 89, 64, 26, 43, 9, 41, 22, 24, 35, 6, 4, 17, 47, 38, 62, 2, 92, 57, 41, 9, 62, 45, 2, 42, 77, 56, 23, 87, 49, 18, 7, 61, 67, 34, 66, 59, 12, 3, 15, 37, 11, 41, 85, 37, 26, 16, 61, 2, 14, 58, 64, 58, 92, 57, 4, 82, 14, 17, 4, 36, 24, 52, 96, 37, 46, 21, 19, 26, 57, 3, 90, 60, 78, 35, 33, 34, 36, 34, 28, 97, 9, 52, 64, 16, 30, 38, 47, 25, 78, 62, 9, 
22, 79, 0, 88, 42, 33, 72, 10, 77, 60, 39, 34, 62, 94, 94, 49, 5, 16, 50, 74, 16, 2, 66, 40, 53, 41, 8, 89, 43, 3, 41, 15, 37, 91, 9, 49, 46, 64, 20, 63, 60, 21, 3, 16, 92, 43, 94, 46, 75, 92, 13, 82, 86, 46, 3, 53, 28, 78, 57, 9, 22, 39, 28, 56, 99, 2, 83, 39, 37, 37, 93, 21, 52, 34, 10, 77, 33, 40, 4, 69, 45, 54, 17, 21, 61, 61, 24, 37, 32, 52, 83, 62, 87, 33, 58, 65, 81, 13, 77, 90, 71, 
6, 93, 81, 0, 87, 75, 99, 84, 82, 17, 84, 64, 97, 47, 10, 11, 50, 46, 67, 16, 51, 13, 88, 76, 12, 64, 44, 95, 85, 18, 27, 43, 47, 18, 4, 58, 71, 8, 99, 73, 41, 25, 29, 80, 43, 24, 27, 84, 39, 71, 85, 11, 93, 51, 17, 67, 27, 52, 63, 45, 98, 99, 53, 17, 48, 32, 17, 20, 38, 12, 3, 8, 12, 99, 36, 46, 38, 16, 28, 92, 73, 79, 63, 70, 77, 82, 54, 61, 23, 64, 79, 54, 41, 14, 5, 23, 1, 41, 26, 92, 12, 
70, 22, 80, 55, 0, 80, 31, 95, 89, 91, 33, 39, 31, 6, 77, 34, 37, 59, 1, 87, 22, 17, 89, 98, 47, 40, 10, 79, 58, 12, 35, 94, 71, 9, 9, 30, 64, 85, 18, 91, 3, 59, 8, 82, 8, 71, 58, 97, 18, 23, 80, 27, 45, 33, 3, 26, 72, 15, 25, 36, 83, 76, 75, 11, 50, 31, 53, 92, 14, 6, 82, 24, 7, 97, 97, 81, 28, 62, 47, 86, 32, 90, 33, 82, 80, 50, 85, 46, 28, 15, 4, 49, 78, 57, 92, 53, 7, 80, 62, 70, 97, 
46, 63, 98, 1, 2, 0, 69, 77, 7, 93, 19, 3, 41, 29, 52, 73, 90, 33, 52, 26, 72, 80, 30, 26, 52, 34, 60, 33, 89, 45, 45, 25, 29, 99, 43, 58, 83, 22, 56, 35, 66, 89, 38, 14, 51, 80, 7, 85, 71, 2, 63, 69, 72, 74, 22, 98, 13, 26, 74, 72, 53, 76, 85, 6, 98, 18, 84, 87, 86, 99, 61, 60, 81, 34, 60, 79, 43, 82, 79, 87, 59, 24, 81, 53, 87, 68, 58, 99, 74, 60, 59, 44, 60, 30, 98, 33, 35, 15, 8, 71, 82, 
21, 69, 60, 35, 72, 40, 0, 20, 63, 88, 98, 5, 90, 7, 96, 27, 12, 22, 64, 63, 1, 81, 14, 79, 29, 69, 3, 13, 93, 28, 25, 3, 23, 35, 3, 17, 23, 54, 78, 5, 3, 65, 26, 3, 89, 9, 10, 57, 91, 98, 6, 2, 9, 56, 56, 30, 75, 64, 86, 9, 70, 18, 26, 12, 22, 91, 76, 91, 41, 28, 2, 93, 67, 93, 42, 93, 91, 30, 20, 2, 80, 83, 68, 88, 19, 65, 76, 64, 24, 18, 72, 47, 27, 10, 63, 34, 31, 11, 98, 79, 1, 
70, 44, 72, 92, 24, 54, 58, 0, 27, 76, 98, 16, 11, 53, 5, 34, 59, 36, 17, 90, 90, 31, 4, 67, 60, 58, 45, 49, 45, 92, 4, 87, 47, 73, 43, 22, 57, 56, 65, 31, 38, 37, 99, 3, 88, 58, 50, 31, 80, 28, 69, 13, 66, 16, 45, 35, 66, 44, 47, 67, 79, 72, 29, 79, 31, 31, 25, 47, 30, 26, 59, 40, 12, 61, 25, 75, 22, 55, 84, 40, 93, 80, 1, 74, 90, 21, 23, 63, 81, 33, 93, 15, 48, 73, 63, 63, 72, 85, 90, 31, 88, 
35, 33, 19, 43, 82, 59, 43, 54, 0, 83, 18, 2, 66, 33, 20, 67, 19, 33, 95, 97, 95, 33, 44, 1, 58, 64, 18, 74, 5, 37, 90, 14, 37, 69, 22, 8, 42, 55, 54, 46, 91, 29, 36, 20, 74, 64, 13, 83, 91, 83, 76, 84, 25, 29, 8, 93, 70, 85, 27, 6, 79, 37, 72, 42, 21, 34, 84, 99, 77, 44, 3, 24, 37, 68, 35, 19, 40, 46, 62, 44, 54, 21, 88, 8, 60, 97, 83, 44, 35, 22, 86, 97, 40, 2, 69, 8, 39, 67, 41, 78, 23, 
32, 70, 81, 9, 65, 43, 85, 35, 12, 0, 20, 52, 76, 87, 63, 71, 19, 83, 80, 53, 42, 91, 81, 66, 71, 17, 1, 24, 27, 41, 57, 74, 11, 73, 67, 26, 45, 2, 31, 1, 77, 50, 89, 14, 10, 73, 68, 65, 1, 39, 10, 24, 57, 28, 3, 21, 47, 66, 62, 94, 72, 86, 52, 39, 38, 67, 23, 4, 76, 22, 98, 21, 23, 45, 80, 12, 17, 5, 3, 14, 61, 63, 23, 94, 81, 65, 96, 66, 27, 36, 8, 2, 42, 71, 27, 8, 34, 83, 30, 42, 3, 
20, 15, 21, 11, 92, 50, 63, 72, 51, 49, 0, 99, 82, 64, 57, 75, 85, 6, 15, 81, 57, 54, 92, 80, 35, 40, 71, 65, 27, 36, 99, 21, 65, 26, 15, 49, 89, 1, 34, 53, 37, 72, 16, 17, 58, 68, 87, 57, 22, 61, 45, 57, 25, 22, 26, 28, 4, 71, 42, 46, 58, 13, 25, 12, 94, 23, 51, 53, 81, 66, 40, 18, 54, 97, 87, 94, 21, 65, 78, 18, 52, 44, 51, 61, 41, 9, 11, 87, 54, 24, 58, 55, 19, 93, 43, 13, 56, 69, 21, 97, 76, 
54, 2, 34, 30, 74, 2, 62, 81, 23, 54, 48, 0, 14, 49, 41, 79, 12, 89, 81, 71, 42, 69, 23, 77, 87, 9, 13, 51, 63, 4, 55, 41, 21, 3, 50, 41, 9, 94, 41, 81, 34, 37, 71, 95, 40, 58, 92, 68, 9, 34, 45, 39, 62, 74, 94, 21, 53, 88, 43, 87, 60, 81, 63, 83, 47, 2, 92, 10, 89, 14, 32, 21, 75, 48, 50, 80, 46, 17, 97, 75, 55, 52, 8, 28, 79, 71, 6, 6, 46, 44, 84, 90, 31, 99, 46, 34, 77, 25, 20, 66, 65, 
44, 35, 77, 51, 45, 4, 88, 58, 81, 11, 53, 39, 0, 91, 60, 73, 39, 57, 38, 83, 28, 94, 80, 14, 53, 4, 81, 24, 70, 49, 53, 49, 15, 42, 7, 25, 60, 27, 62, 46, 46, 40, 46, 65, 59, 34, 69, 8, 71, 85, 68, 82, 87, 98, 98, 92, 91, 59, 15, 9, 84, 97, 1, 8, 99, 57, 78, 1, 7, 79, 37, 26, 95, 36, 9, 80, 91, 83, 91, 50, 29, 8, 51, 97, 94, 1, 95, 27, 78, 28, 51, 48, 15, 39, 12, 21, 76, 46, 70, 85, 62, 
26, 55, 33, 94, 36, 97, 83, 67, 18, 31, 76, 43, 76, 0, 2, 16, 28, 86, 95, 36, 70, 7, 46, 24, 97, 45, 65, 75, 48, 17, 6, 44, 38, 16, 45, 79, 40, 31, 74, 12, 75, 6, 37, 90, 64, 78, 35, 73, 6, 57, 90, 54, 22, 12, 36, 27, 49, 79, 70, 99, 39, 3, 39, 45, 73, 33, 48, 50, 70, 66, 1, 58, 85, 71, 60, 94, 78, 74, 55, 49, 96, 95, 76, 65, 85, 57, 39, 99, 36, 5, 56, 36, 47, 37, 91, 34, 58, 22, 25, 89, 56, 
6, 36, 46, 35, 68, 64, 35, 22, 56, 36, 67, 63, 71, 41, 0, 36, 15, 98, 29, 79, 96, 66, 45, 7, 89, 94, 73, 3, 48, 78, 89, 81, 20, 25, 69, 49, 37, 2, 97, 22, 17, 2, 65, 3, 81, 39, 17, 59, 93, 5, 17, 32, 28, 40, 60, 53, 1, 17, 55, 36, 25, 35, 50, 96, 28, 56, 32, 64, 38, 10, 70, 77, 7, 62, 82, 88, 53, 11, 9, 46, 46, 50, 11, 91, 92, 48, 8, 15, 75, 27, 18, 66, 21, 73, 37, 47, 24, 98, 35, 20, 61, 
1, 97, 87, 74, 89, 99, 32, 76, 91, 89, 54, 67, 1, 36, 67, 0, 97, 63, 85, 86, 58, 87, 6, 56, 68, 42, 40, 41, 68, 63, 72, 26, 78, 93, 37, 69, 54, 60, 12, 92, 77, 56, 79, 40, 34, 74, 40, 89, 22, 16, 52, 2, 30, 21, 70, 58, 72, 27, 64, 65, 39, 68, 69, 50, 97, 79, 11, 18, 37, 47, 17, 20, 48, 16, 27, 3, 74, 8, 4, 50, 53, 73, 80, 61, 35, 29, 80, 31, 9, 87, 42, 2, 52, 76, 51, 44, 71, 14, 48, 56, 18, 
54, 9, 26, 31, 42, 21, 19, 44, 82, 27, 97, 69, 62, 54, 89, 72, 0, 10, 79, 84, 1, 48, 93, 50, 19, 7, 57, 78, 9, 89, 39, 45, 92, 44, 56, 71, 34, 19, 80, 65, 92, 18, 62, 60, 19, 65, 93, 54, 22, 84, 80, 38, 38, 70, 87, 38, 29, 80, 59, 7, 55, 11, 85, 7, 49, 3, 54, 77, 40, 75, 66, 40, 92, 17, 69, 79, 27, 19, 47, 15, 53, 67, 53, 56, 90, 31, 17, 34, 55, 43, 80, 94, 41, 36, 4, 87, 55, 62, 75, 92, 97, 
53, 77, 13, 91, 89, 77, 66, 84, 35, 77, 9, 99, 34, 28, 41, 45, 40, 0, 68, 89, 76, 98, 81, 94, 53, 73, 32, 70, 77, 47, 82, 51, 48, 92, 57, 43, 11, 17, 15, 82, 83, 12, 77, 80, 21, 44, 51, 34, 75, 58, 22, 62, 68, 57, 60, 77, 71, 22, 76, 26, 99, 64, 93, 68, 43, 30, 28, 97, 29, 35, 79, 93, 77, 17, 58, 85, 8, 39, 65, 27, 39, 13, 9, 9, 79, 75, 35, 92, 51, 97, 86, 61, 78, 79, 60, 6, 74, 48, 67, 94, 97, 
62, 33, 15, 34, 88, 15, 51, 64, 33, 17, 9, 55, 40, 88, 62, 98, 18, 27, 0, 10, 33, 52, 90, 29, 76, 46, 65, 88, 28, 48, 29, 98, 20, 5, 52, 47, 32, 21, 25, 45, 51, 15, 73, 3, 89, 96, 78, 13, 63, 68, 58, 77, 99, 16, 9, 75, 48, 58, 55, 23, 14, 85, 17, 86, 80, 2, 49, 14, 2, 37, 79, 81, 34, 9, 56, 76, 81, 87, 65, 70, 1, 69, 70, 35, 78, 39, 48, 72, 17, 28, 78, 11, 43, 76, 10, 79, 31, 50, 74, 90, 77, 
23, 20, 48, 38, 79, 72, 58, 57, 86, 27, 2, 93, 23, 74, 97, 99, 70, 93, 66, 0, 2, 55, 16, 99, 95, 12, 56, 38, 37, 63, 67, 60, 25, 31, 59, 94, 5, 24, 64, 77, 82, 26, 99, 48, 79, 31, 62, 22, 30, 79, 53, 16, 21, 26, 26, 76, 6, 86, 84, 31, 43, 18, 2, 98, 65, 48, 90, 71, 36, 12, 29, 8, 16, 33, 23, 89, 35, 27, 42, 36, 98, 63, 48, 44, 40, 2, 98, 81, 64, 16, 15, 58, 81, 42, 1, 17, 73, 33, 77, 13, 57, 
72, 72, 3, 6, 19, 83, 44, 66, 71, 76, 90, 74, 76, 70, 43, 79, 80, 37, 95, 41, 0, 60, 10, 82, 50, 63, 57, 54, 21, 2, 59, 44, 67, 47, 38, 46, 44, 45, 10, 81, 13, 65, 54, 45, 13, 79, 1, 63, 35, 69, 31, 74, 94, 17, 55, 70, 34, 70, 43, 54, 66, 77, 95, 84, 9, 80, 44, 8, 90, 23, 35, 84, 92, 46, 66, 75, 35, 74, 91, 69, 63, 74, 73, 98, 8, 89, 2, 20, 47, 82, 22, 95, 22, 40, 45, 5, 72, 15, 45, 54, 25, 
14, 31, 84, 89, 45, 38, 41, 94, 68, 74, 26, 82, 6, 30, 91, 59, 6, 25, 10, 29, 36, 0, 6, 75, 8, 17, 55, 15, 45, 40, 31, 26, 42, 14, 99, 45, 78, 73, 48, 54, 99, 48, 88, 33, 54, 4, 22, 47, 90, 80, 79, 67, 92, 28, 84, 69, 35, 21, 56, 37, 50, 77, 6, 98, 37, 3, 38, 89, 81, 86, 41, 33, 99, 17, 75, 99, 41, 23, 83, 33, 74, 87, 45, 45, 37, 23, 16, 99, 53, 25, 13, 15, 92, 41, 6, 70, 96, 8, 75, 3, 26, 
40, 93, 26, 73, 25, 59, 89, 89, 74, 39, 79, 35, 10, 2, 21, 7, 42, 83, 64, 44, 62, 42, 0, 70, 40, 46, 71, 77, 48, 14, 51, 33, 68, 91, 80, 49, 72, 9, 87, 43, 65, 77, 56, 25, 99, 16, 80, 14, 35, 72, 10, 59, 21, 85, 75, 43, 88, 59, 86, 15, 39, 59, 51, 69, 99, 11, 94, 93, 43, 28, 43, 55, 68, 34, 12, 16, 61, 25, 79, 54, 28, 8, 35, 50, 15, 88, 88, 72, 80, 42, 71, 91, 86, 95, 39, 70, 16, 62, 16, 11, 1, 
32, 36, 23, 1, 29, 4, 39, 26, 53, 59, 82, 82, 17, 7, 48, 86, 18, 32, 1, 48, 14, 57, 72, 0, 94, 23, 92, 97, 58, 63, 85, 25, 58, 50, 87, 91, 94, 46, 52, 16, 96, 19, 28, 11, 77, 56, 56, 64, 49, 76, 32, 15, 65, 84, 43, 28, 68, 70, 10, 27, 82, 85, 88, 26, 70, 90, 20, 99, 8, 33, 18, 17, 40, 95, 21, 67, 85, 62, 89, 57, 78, 27, 60, 58, 26, 72, 54, 60, 77, 11, 48, 46, 14, 5, 12, 84, 75, 75, 97, 93, 48, 
95, 77, 68, 37, 48, 4, 69, 54, 65, 14, 92, 70, 82, 85, 41, 43, 14, 49, 32, 16, 13, 69, 16, 31, 0, 56, 22, 51, 30, 44, 49, 61, 26, 40, 69, 4, 30, 32, 26, 27, 15, 50, 62, 54, 79, 4, 97, 81, 20, 71, 4, 32, 86, 48, 50, 56, 24, 20, 95, 85, 76, 85, 48, 71, 95, 49, 96, 49, 75, 51, 64, 24, 77, 94, 63, 12, 65, 43, 14, 13, 93, 88, 61, 26, 26, 96, 4, 52, 28, 65, 4, 30, 5, 7, 85, 10, 31, 19, 50, 1, 79, 
55, 56, 4, 79, 67, 21, 47, 42, 13, 24, 92, 52, 93, 6, 62, 19, 10, 10, 39, 47, 96, 15, 65, 53, 35, 0, 26, 16, 51, 65, 34, 54, 99, 62, 25, 3, 35, 14, 23, 91, 44, 70, 97, 20, 64, 39, 97, 64, 60, 61, 39, 99, 25, 18, 89, 69, 34, 75, 52, 32, 18, 65, 64, 79, 93, 10, 32, 13, 54, 67, 25, 51, 27, 67, 41, 75, 81, 91, 56, 68, 61, 34, 72, 42, 79, 54, 73, 54, 61, 29, 55, 27, 30, 12, 2, 30, 17, 33, 10, 6, 84, 
74, 8, 6, 40, 17, 92, 52, 31, 71, 48, 42, 15, 55, 93, 65, 49, 44, 35, 81, 7, 53, 78, 72, 75, 55, 7, 0, 73, 68, 7, 62, 17, 63, 61, 22, 64, 82, 44, 10, 12, 16, 41, 17, 52, 42, 73, 8, 74, 75, 37, 17, 2, 21, 37, 52, 83, 90, 92, 56, 92, 12, 86, 57, 11, 79, 29, 49, 82, 29, 34, 23, 56, 35, 94, 48, 52, 13, 71, 34, 29, 94, 48, 9, 75, 9, 5, 53, 44, 90, 32, 93, 12, 24, 96, 70, 83, 74, 82, 18, 97, 94, 
43, 57, 21, 50, 70, 39, 14, 50, 72, 21, 5, 82, 76, 58, 10, 38, 11, 37, 52, 19, 7, 67, 39, 34, 50, 8, 53, 0, 67, 86, 89, 39, 91, 8, 61, 38, 8, 78, 84, 85, 62, 19, 9, 76, 96, 55, 18, 48, 77, 97, 89, 2, 93, 86, 65, 57, 11, 53, 20, 55, 44, 15, 59, 2, 74, 45, 39, 57, 77, 54, 63, 7, 47, 28, 92, 43, 98, 83, 63, 54, 62, 10, 51, 67, 52, 72, 24, 3, 43, 91, 69, 66, 45, 42, 31, 63, 57, 28, 72, 47, 87, 
20, 84, 59, 98, 36, 59, 30, 69, 14, 96, 4, 44, 18, 85, 18, 61, 89, 36, 16, 79, 62, 26, 35, 78, 46, 67, 67, 62, 0, 4, 81, 66, 83, 76, 61, 20, 10, 28, 86, 47, 36, 27, 39, 22, 22, 15, 65, 5, 88, 53, 76, 20, 52, 96, 52, 87, 18, 39, 23, 21, 73, 47, 60, 93, 18, 6, 39, 69, 61, 21, 33, 87, 51, 64, 1, 83, 27, 27, 55, 84, 78, 81, 9, 16, 80, 53, 17, 17, 73, 73, 87, 39, 20, 13, 97, 82, 3, 16, 19, 44, 21, 
26, 44, 83, 39, 62, 40, 52, 38, 10, 3, 59, 24, 26, 12, 48, 34, 56, 45, 54, 46, 69, 86, 66, 22, 40, 60, 36, 87, 58, 0, 26, 68, 7, 49, 47, 27, 20, 14, 66, 52, 50, 37, 89, 34, 89, 6, 17, 10, 82, 24, 76, 78, 75, 43, 56, 87, 7, 69, 18, 71, 67, 12, 61, 33, 87, 53, 48, 27, 93, 89, 1, 73, 28, 45, 18, 47, 93, 88, 63, 55, 92, 27, 38, 2, 36, 73, 55, 96, 58, 31, 17, 51, 48, 55, 65, 82, 79, 19, 62, 73, 47, 
23, 23, 56, 62, 20, 72, 37, 97, 66, 16, 23, 36, 9, 39, 58, 96, 10, 40, 48, 12, 74, 25, 32, 19, 32, 12, 91, 18, 83, 25, 0, 5, 63, 2, 28, 60, 8, 61, 10, 57, 41, 11, 87, 22, 96, 87, 75, 26, 36, 53, 67, 61, 51, 40, 25, 71, 59, 5, 46, 67, 37, 19, 12, 51, 2, 51, 28, 56, 41, 37, 84, 29, 12, 56, 60, 79, 65, 50, 21, 33, 16, 75, 26, 13, 28, 71, 4, 93, 90, 38, 92, 1, 53, 56, 50, 85, 76, 18, 31, 1, 64, 
65, 46, 3, 10, 34, 14, 59, 55, 36, 65, 37, 67, 77, 58, 67, 32, 42, 39, 30, 55, 68, 58, 72, 27, 50, 78, 64, 88, 96, 64, 51, 0, 25, 42, 58, 67, 18, 23, 53, 69, 97, 81, 75, 61, 50, 68, 67, 13, 34, 76, 40, 84, 27, 13, 48, 84, 78, 24, 50, 40, 61, 43, 78, 6, 97, 12, 13, 50, 52, 10, 4, 69, 19, 84, 8, 56, 34, 49, 62, 44, 96, 51, 3, 2, 8, 31, 93, 25, 44, 10, 66, 82, 74, 58, 85, 77, 43, 94, 60, 87, 27, 
31, 20, 26, 70, 97, 1, 14, 28, 22, 1, 66, 38, 40, 92, 1, 73, 72, 72, 95, 22, 43, 33, 68, 10, 93, 4, 30, 8, 72, 50, 7, 33, 0, 67, 83, 40, 47, 3, 76, 59, 35, 25, 83, 76, 12, 50, 1, 83, 31, 74, 61, 28, 70, 57, 18, 46, 29, 30, 21, 40, 80, 88, 12, 94, 28, 50, 32, 49, 82, 35, 43, 26, 41, 89, 86, 64, 68, 6, 72, 36, 82, 94, 88, 87, 97, 79, 91, 23, 78, 9, 72, 28, 56, 34, 30, 86, 48, 99, 22, 57, 71, 
94, 83, 84, 46, 3, 52, 6, 74, 97, 9, 46, 97, 57, 95, 82, 98, 75, 64, 6, 44, 35, 89, 59, 27, 97, 28, 35, 70, 14, 87, 47, 66, 96, 0, 36, 94, 91, 20, 78, 60, 65, 83, 86, 48, 10, 91, 90, 66, 32, 60, 93, 81, 49, 83, 22, 70, 7, 74, 35, 21, 30, 76, 74, 26, 36, 36, 53, 55, 89, 21, 32, 4, 68, 23, 69, 71, 32, 98, 11, 32, 19, 45, 72, 6, 56, 11, 60, 96, 68, 64, 34, 37, 53, 58, 46, 77, 22, 6, 74, 56, 23, 
81, 51, 11, 85, 47, 34, 23, 62, 69, 97, 31, 87, 3, 71, 58, 49, 44, 19, 50, 80, 46, 38, 72, 90, 44, 85, 75, 52, 74, 30, 60, 88, 54, 19, 0, 3, 24, 57, 3, 70, 98, 74, 10, 72, 80, 88, 30, 79, 20, 13, 33, 98, 19, 50, 98, 2, 17, 11, 52, 68, 46, 27, 62, 14, 23, 11, 79, 67, 46, 23, 88, 24, 37, 40, 39, 93, 35, 52, 86, 37, 4, 18, 58, 37, 54, 80, 32, 71, 29, 97, 54, 21, 57, 42, 59, 11, 68, 25, 8, 56, 73, 
78, 49, 25, 51, 62, 84, 30, 54, 38, 38, 19, 74, 5, 32, 15, 53, 53, 69, 98, 63, 56, 54, 99, 73, 86, 99, 26, 54, 18, 54, 91, 89, 9, 36, 43, 0, 27, 63, 56, 45, 71, 87, 24, 45, 13, 36, 52, 90, 81, 88, 48, 94, 79, 91, 48, 83, 62, 44, 35, 95, 28, 1, 4, 38, 76, 63, 77, 72, 22, 52, 49, 7, 59, 69, 82, 73, 76, 44, 43, 9, 24, 35, 35, 43, 19, 71, 4, 16, 82, 14, 99, 55, 54, 34, 20, 51, 51, 42, 10, 49, 96, 
91, 36, 96, 43, 71, 92, 69, 71, 33, 44, 68, 77, 58, 71, 8, 64, 59, 31, 72, 33, 82, 32, 15, 4, 37, 86, 47, 92, 98, 10, 1, 2, 54, 31, 67, 79, 0, 69, 17, 19, 52, 2, 7, 53, 6, 40, 6, 54, 97, 19, 68, 10, 14, 14, 93, 21, 6, 22, 36, 72, 14, 78, 61, 9, 9, 98, 78, 11, 93, 5, 18, 27, 16, 23, 64, 12, 27, 31, 39, 16, 64, 95, 61, 3, 53, 65, 1, 59, 12, 5, 7, 98, 52, 1, 27, 67, 90, 55, 15, 76, 15, 
64, 39, 1, 79, 4, 3, 74, 81, 59, 56, 4, 5, 97, 48, 25, 16, 18, 72, 93, 17, 19, 84, 5, 28, 13, 96, 15, 83, 64, 48, 88, 74, 91, 8, 93, 24, 69, 0, 76, 32, 4, 97, 11, 11, 70, 29, 83, 51, 3, 60, 76, 33, 70, 81, 71, 21, 20, 25, 98, 51, 2, 12, 16, 31, 72, 56, 91, 91, 6, 56, 70, 6, 23, 97, 44, 53, 48, 11, 41, 3, 9, 73, 23, 68, 82, 64, 31, 75, 27, 44, 46, 57, 46, 31, 92, 4, 20, 14, 20, 18, 92, 
5, 21, 92, 63, 21, 43, 6, 64, 97, 87, 26, 35, 30, 27, 97, 46, 9, 72, 80, 88, 91, 18, 84, 16, 87, 69, 65, 35, 62, 61, 90, 33, 11, 3, 49, 45, 11, 4, 0, 92, 41, 55, 75, 3, 41, 35, 30, 58, 68, 83, 99, 97, 37, 4, 24, 63, 55, 51, 84, 67, 47, 96, 9, 60, 2, 60, 70, 60, 92, 8, 64, 91, 37, 40, 72, 78, 35, 46, 45, 84, 76, 21, 30, 78, 88, 99, 29, 17, 4, 30, 14, 50, 94, 64, 62, 46, 29, 94, 56, 79, 48, 
52, 92, 7, 46, 91, 95, 45, 75, 47, 39, 18, 26, 36, 96, 85, 49, 57, 76, 83, 6, 53, 16, 18, 99, 44, 80, 92, 1, 92, 18, 59, 46, 77, 34, 42, 54, 98, 28, 50, 0, 43, 55, 81, 83, 92, 15, 28, 91, 16, 52, 89, 84, 9, 52, 92, 79, 33, 84, 13, 5, 1, 57, 82, 31, 11, 39, 79, 71, 80, 71, 59, 67, 70, 93, 14, 92, 5, 80, 24, 44, 54, 95, 8, 32, 30, 42, 11, 5, 28, 91, 91, 98, 65, 32, 28, 81, 92, 72, 26, 87, 53, 
92, 67, 81, 57, 74, 57, 58, 22, 53, 40, 56, 61, 65, 76, 71, 81, 19, 79, 89, 82, 64, 5, 50, 37, 78, 77, 19, 56, 24, 67, 70, 50, 36, 27, 43, 69, 55, 21, 99, 39, 0, 85, 23, 56, 83, 43, 65, 38, 96, 96, 18, 14, 42, 64, 88, 19, 51, 17, 6, 27, 16, 21, 77, 31, 46, 66, 31, 1, 83, 9, 30, 11, 42, 50, 69, 75, 47, 89, 6, 98, 10, 46, 79, 49, 61, 15, 5, 77, 88, 65, 41, 92, 43, 39, 41, 41, 73, 39, 41, 65, 38, 
12, 33, 2, 60, 60, 80, 46, 33, 49, 74, 8, 41, 67, 54, 71, 22, 54, 47, 11, 19, 95, 5, 83, 98, 69, 20, 53, 58, 14, 9, 36, 43, 43, 7, 6, 6, 63, 27, 65, 33, 50, 0, 51, 26, 46, 60, 28, 21, 38, 42, 27, 75, 47, 96, 59, 43, 12, 90, 5, 31, 22, 49, 41, 49, 26, 30, 70, 88, 74, 9, 45, 85, 59, 93, 40, 25, 13, 56, 16, 79, 73, 21, 89, 31, 40, 50, 28, 47, 63, 51, 55, 45, 53, 33, 21, 66, 91, 12, 53, 4, 67, 
1, 10, 35, 71, 71, 34, 66, 82, 98, 79, 62, 39, 17, 26, 62, 17, 39, 45, 37, 7, 93, 59, 13, 77, 24, 28, 32, 54, 39, 89, 57, 87, 63, 70, 65, 10, 20, 55, 23, 48, 62, 98, 0, 10, 64, 37, 49, 12, 34, 38, 39, 14, 86, 84, 91, 26, 59, 48, 39, 64, 23, 96, 36, 75, 67, 68, 5, 73, 46, 80, 50, 60, 62, 85, 46, 41, 89, 36, 83, 81, 79, 82, 11, 10, 26, 6, 15, 65, 9, 42, 5, 3, 44, 94, 68, 70, 13, 99, 94, 61, 61, 
91, 49, 35, 74, 11, 20, 16, 92, 1, 40, 12, 58, 16, 1, 39, 97, 36, 28, 50, 15, 77, 6, 93, 52, 33, 72, 11, 64, 88, 76, 98, 25, 40, 52, 97, 47, 10, 9, 20, 7, 15, 85, 20, 0, 76, 45, 95, 38, 31, 61, 89, 77, 79, 56, 85, 62, 91, 30, 55, 71, 78, 87, 12, 11, 67, 94, 95, 33, 33, 60, 33, 61, 2, 71, 25, 81, 70, 17, 87, 88, 31, 47, 34, 98, 18, 37, 10, 60, 39, 20, 15, 55, 79, 88, 94, 98, 37, 44, 3, 86, 6, 
35, 99, 26, 58, 52, 6, 76, 41, 51, 99, 8, 82, 22, 69, 50, 82, 67, 39, 94, 88, 32, 2, 40, 29, 26, 83, 75, 46, 96, 6, 49, 28, 14, 58, 41, 40, 7, 21, 7, 47, 24, 57, 49, 50, 0, 62, 16, 4, 88, 47, 39, 34, 19, 80, 47, 14, 50, 45, 85, 68, 6, 58, 93, 49, 88, 36, 82, 55, 96, 90, 2, 92, 4, 37, 69, 99, 22, 87, 84, 11, 68, 63, 88, 84, 82, 8, 18, 89, 39, 94, 4, 50, 75, 65, 41, 29, 97, 16, 61, 48, 42, 
67, 64, 28, 92, 30, 16, 93, 46, 39, 96, 5, 54, 60, 71, 10, 53, 5, 68, 21, 83, 51, 59, 54, 63, 77, 84, 48, 89, 27, 49, 71, 97, 21, 97, 45, 46, 86, 79, 61, 6, 91, 27, 73, 31, 24, 0, 67, 55, 53, 86, 75, 6, 99, 66, 28, 67, 26, 3, 17, 85, 16, 84, 83, 54, 90, 48, 1, 74, 67, 15, 26, 35, 24, 5, 65, 67, 34, 51, 52, 28, 22, 25, 4, 80, 32, 63, 20, 50, 21, 66, 31, 7, 65, 31, 1, 21, 36, 40, 88, 38, 56, 
65, 78, 34, 26, 70, 31, 84, 91, 87, 44, 49, 76, 48, 47, 47, 4, 69, 17, 60, 40, 9, 83, 88, 92, 27, 30, 33, 13, 42, 22, 32, 28, 2, 97, 59, 22, 18, 92, 82, 48, 67, 59, 16, 9, 45, 3, 0, 50, 86, 54, 52, 83, 93, 11, 46, 8, 35, 71, 48, 20, 58, 67, 23, 54, 73, 91, 39, 50, 40, 87, 63, 1, 90, 7, 66, 29, 21, 99, 19, 46, 6, 93, 25, 69, 60, 68, 31, 44, 22, 9, 77, 20, 43, 14, 13, 86, 62, 90, 26, 14, 50, 
20, 23, 93, 24, 95, 47, 53, 40, 64, 30, 47, 53, 38, 10, 61, 25, 51, 16, 45, 1, 35, 66, 13, 61, 20, 1, 27, 51, 3, 31, 36, 63, 42, 47, 8, 47, 44, 56, 81, 98, 43, 39, 58, 4, 47, 1, 8, 0, 28, 72, 71, 55, 92, 60, 44, 2, 11, 19, 58, 64, 69, 54, 31, 96, 16, 75, 93, 73, 45, 88, 14, 58, 34, 62, 73, 62, 24, 69, 54, 96, 20, 62, 26, 24, 73, 30, 92, 24, 93, 1, 7, 20, 65, 53, 91, 81, 37, 91, 97, 10, 35, 
51, 16, 33, 54, 13, 84, 3, 59, 90, 45, 16, 96, 29, 60, 6, 46, 53, 15, 68, 3, 93, 26, 41, 94, 92, 8, 18, 4, 96, 70, 89, 39, 97, 94, 38, 3, 26, 90, 75, 19, 9, 69, 71, 2, 48, 67, 46, 53, 0, 1, 66, 74, 38, 98, 10, 2, 49, 84, 74, 55, 30, 23, 36, 35, 59, 37, 3, 67, 64, 17, 82, 46, 84, 70, 23, 18, 17, 5, 27, 61, 63, 97, 66, 51, 12, 66, 55, 8, 55, 33, 97, 19, 2, 4, 11, 82, 98, 37, 91, 48, 47, 
86, 30, 83, 98, 56, 39, 65, 2, 58, 99, 24, 38, 6, 26, 98, 46, 1, 4, 1, 4, 8, 90, 13, 70, 68, 29, 85, 43, 64, 42, 72, 40, 84, 95, 49, 83, 84, 26, 40, 68, 81, 88, 69, 4, 36, 72, 77, 24, 1, 0, 5, 71, 17, 85, 58, 89, 21, 80, 54, 94, 58, 76, 47, 92, 95, 10, 39, 11, 90, 49, 16, 28, 59, 38, 7, 4, 51, 33, 9, 66, 83, 95, 4, 5, 96, 87, 4, 42, 53, 1, 98, 87, 59, 27, 28, 47, 68, 56, 14, 37, 78, 
72, 76, 29, 85, 46, 74, 83, 11, 95, 57, 76, 67, 22, 33, 66, 74, 92, 51, 19, 38, 88, 15, 11, 96, 53, 9, 60, 70, 82, 15, 93, 30, 71, 54, 64, 92, 73, 34, 35, 75, 34, 96, 33, 35, 15, 67, 31, 54, 33, 81, 0, 88, 67, 38, 79, 7, 91, 36, 70, 28, 37, 2, 63, 27, 40, 93, 16, 44, 40, 88, 21, 9, 44, 41, 10, 17, 87, 88, 70, 84, 94, 49, 55, 3, 24, 64, 3, 38, 79, 39, 67, 82, 58, 29, 77, 76, 65, 42, 29, 52, 49, 
15, 6, 3, 4, 75, 4, 40, 17, 49, 29, 37, 69, 79, 89, 89, 39, 18, 60, 32, 97, 89, 90, 89, 55, 80, 12, 14, 4, 88, 71, 31, 12, 98, 81, 6, 3, 88, 15, 61, 89, 33, 15, 23, 74, 34, 92, 33, 87, 29, 9, 9, 0, 68, 63, 60, 28, 2, 69, 23, 25, 34, 94, 59, 71, 1, 98, 2, 22, 63, 88, 62, 45, 61, 95, 18, 52, 73, 2, 92, 28, 90, 27, 60, 59, 96, 67, 95, 64, 79, 38, 38, 50, 15, 40, 35, 94, 36, 31, 72, 2, 54, 
16, 42, 51, 66, 92, 88, 4, 91, 94, 50, 56, 49, 36, 29, 97, 89, 29, 76, 72, 47, 3, 25, 96, 86, 68, 34, 45, 35, 81, 44, 55, 21, 84, 63, 36, 33, 51, 11, 32, 59, 60, 38, 40, 60, 18, 68, 67, 81, 30, 62, 72, 27, 0, 97, 5, 17, 92, 59, 35, 81, 8, 41, 47, 93, 23, 56, 59, 59, 33, 79, 44, 84, 12, 92, 55, 66, 99, 24, 87, 71, 79, 39, 44, 94, 37, 97, 70, 75, 55, 97, 19, 4, 47, 76, 88, 49, 97, 11, 94, 64, 85, 
25, 29, 92, 8, 86, 82, 1, 38, 53, 95, 59, 3, 85, 8, 95, 30, 91, 5, 65, 75, 41, 31, 14, 99, 2, 55, 68, 95, 76, 21, 40, 59, 35, 30, 38, 35, 97, 71, 56, 50, 48, 16, 37, 65, 12, 18, 47, 15, 82, 80, 74, 25, 76, 0, 70, 39, 37, 29, 40, 89, 95, 98, 43, 67, 54, 83, 34, 93, 83, 39, 33, 96, 79, 94, 33, 80, 32, 70, 51, 77, 84, 18, 60, 16, 57, 56, 20, 99, 44, 51, 63, 41, 51, 90, 43, 73, 52, 24, 64, 9, 93, 
12, 24, 83, 76, 25, 90, 57, 62, 19, 79, 83, 18, 77, 79, 36, 1, 87, 93, 5, 12, 27, 59, 23, 20, 55, 69, 49, 57, 20, 65, 56, 1, 18, 33, 81, 32, 64, 35, 40, 73, 14, 35, 19, 19, 45, 12, 14, 35, 53, 14, 26, 42, 56, 68, 0, 53, 19, 13, 59, 78, 85, 82, 3, 12, 20, 2, 6, 74, 46, 42, 31, 53, 21, 22, 18, 52, 9, 21, 40, 81, 56, 62, 49, 15, 84, 32, 81, 16, 65, 87, 93, 90, 84, 29, 35, 74, 57, 45, 80, 10, 52, 
86, 23, 71, 70, 88, 5, 19, 12, 64, 99, 94, 57, 31, 55, 64, 9, 3, 56, 37, 70, 60, 5, 73, 95, 23, 98, 72, 71, 94, 20, 11, 94, 35, 36, 2, 95, 28, 94, 64, 75, 99, 5, 63, 1, 90, 95, 86, 6, 10, 36, 47, 64, 29, 57, 63, 0, 94, 33, 10, 48, 59, 37, 31, 18, 81, 69, 87, 43, 71, 75, 60, 66, 75, 45, 76, 78, 61, 83, 46, 74, 80, 60, 44, 45, 27, 20, 57, 44, 32, 33, 52, 34, 31, 64, 22, 49, 52, 59, 69, 43, 19, 
52, 37, 99, 16, 79, 37, 17, 38, 54, 96, 14, 58, 69, 70, 42, 95, 44, 64, 17, 38, 77, 8, 89, 33, 93, 28, 48, 6, 66, 41, 3, 76, 21, 79, 28, 84, 38, 43, 89, 92, 33, 52, 23, 53, 12, 1, 36, 80, 93, 72, 28, 5, 31, 8, 71, 40, 0, 85, 65, 47, 58, 88, 69, 19, 66, 4, 36, 35, 58, 61, 70, 84, 93, 20, 22, 32, 11, 23, 43, 38, 66, 74, 43, 88, 12, 49, 79, 61, 82, 14, 48, 68, 83, 20, 98, 80, 67, 23, 37, 57, 93, 
96, 11, 47, 42, 21, 23, 76, 46, 5, 40, 22, 8, 96, 64, 56, 37, 81, 65, 96, 61, 18, 73, 89, 40, 20, 2, 10, 69, 54, 60, 12, 83, 59, 92, 80, 3, 45, 23, 77, 6, 85, 68, 93, 75, 36, 40, 42, 27, 54, 64, 40, 10, 93, 29, 97, 22, 31, 0, 80, 49, 56, 98, 71, 80, 84, 46, 28, 85, 31, 83, 94, 13, 72, 13, 71, 63, 16, 49, 81, 15, 23, 99, 52, 10, 74, 6, 46, 35, 85, 64, 61, 71, 77, 83, 59, 87, 98, 40, 77, 30, 62, 
84, 16, 62, 72, 31, 92, 74, 36, 26, 18, 17, 65, 53, 6, 13, 30, 12, 62, 89, 40, 84, 57, 41, 8, 23, 67, 86, 44, 53, 68, 92, 72, 56, 91, 16, 5, 3, 46, 15, 75, 36, 71, 43, 97, 44, 37, 51, 91, 9, 67, 98, 43, 30, 85, 17, 36, 22, 18, 0, 94, 19, 22, 55, 23, 74, 30, 74, 76, 63, 24, 32, 61, 56, 75, 81, 34, 6, 9, 20, 82, 89, 11, 50, 64, 24, 56, 80, 5, 44, 79, 40, 42, 40, 32, 58, 19, 53, 3, 61, 62, 75, 
19, 69, 78, 8, 49, 61, 93, 11, 52, 75, 60, 57, 65, 35, 38, 82, 27, 44, 49, 75, 28, 4, 26, 24, 83, 24, 52, 29, 12, 56, 22, 12, 96, 49, 13, 45, 71, 48, 51, 20, 48, 66, 47, 98, 85, 79, 3, 57, 74, 86, 76, 74, 31, 53, 95, 92, 12, 98, 39, 0, 68, 79, 75, 76, 64, 60, 17, 44, 26, 50, 17, 75, 58, 91, 70, 36, 82, 6, 26, 14, 38, 6, 90, 55, 34, 27, 85, 32, 74, 67, 15, 29, 42, 6, 70, 62, 96, 41, 11, 59, 64, 
44, 74, 4, 61, 18, 94, 67, 87, 2, 76, 25, 18, 38, 63, 22, 69, 47, 39, 36, 57, 5, 49, 54, 28, 50, 11, 42, 65, 61, 98, 13, 55, 45, 65, 41, 64, 49, 2, 59, 50, 40, 50, 73, 29, 25, 57, 19, 59, 20, 54, 62, 7, 27, 19, 7, 68, 81, 92, 12, 62, 0, 97, 69, 61, 29, 88, 25, 50, 59, 44, 84, 84, 65, 94, 62, 28, 29, 60, 7, 21, 92, 29, 35, 12, 81, 43, 88, 92, 38, 82, 29, 79, 29, 2, 5, 58, 80, 6, 15, 43, 25, 
12, 28, 35, 18, 87, 73, 82, 76, 72, 65, 67, 25, 50, 97, 14, 17, 7, 19, 20, 12, 38, 93, 69, 17, 6, 74, 82, 62, 79, 77, 90, 61, 17, 68, 27, 52, 82, 30, 40, 8, 96, 1, 25, 52, 79, 58, 97, 91, 10, 69, 17, 86, 6, 65, 20, 32, 44, 65, 66, 94, 39, 0, 33, 28, 87, 10, 63, 57, 78, 92, 11, 15, 10, 15, 67, 65, 82, 67, 78, 92, 31, 83, 48, 33, 62, 33, 5, 63, 86, 85, 42, 52, 12, 20, 10, 44, 40, 58, 20, 46, 20, 
79, 78, 59, 55, 41, 62, 34, 35, 7, 71, 53, 32, 65, 83, 46, 29, 16, 53, 26, 37, 31, 76, 33, 25, 41, 8, 11, 73, 53, 68, 73, 17, 56, 50, 55, 4, 64, 77, 82, 79, 97, 8, 36, 66, 55, 3, 3, 47, 40, 8, 69, 23, 96, 31, 68, 59, 11, 26, 29, 99, 24, 24, 0, 91, 94, 75, 43, 29, 10, 75, 11, 36, 91, 6, 30, 85, 6, 84, 57, 68, 73, 93, 91, 22, 11, 39, 40, 31, 44, 26, 78, 74, 73, 4, 25, 33, 76, 54, 22, 49, 72, 
36, 3, 97, 15, 24, 15, 45, 62, 8, 29, 1, 80, 75, 79, 94, 76, 3, 6, 27, 36, 15, 21, 18, 62, 41, 82, 78, 83, 48, 85, 48, 99, 12, 41, 24, 63, 91, 71, 85, 16, 50, 22, 72, 37, 66, 29, 63, 85, 42, 82, 32, 43, 79, 3, 87, 57, 6, 74, 91, 2, 1, 29, 47, 0, 76, 99, 6, 82, 3, 88, 13, 99, 74, 66, 32, 98, 48, 7, 78, 69, 31, 11, 47, 61, 80, 98, 85, 98, 27, 4, 27, 65, 89, 47, 78, 37, 91, 3, 53, 48, 95, 
8, 2, 83, 48, 5, 22, 97, 52, 6, 91, 15, 25, 55, 30, 61, 89, 13, 82, 81, 68, 43, 69, 94, 86, 28, 44, 76, 8, 66, 46, 93, 41, 66, 64, 79, 22, 33, 21, 75, 64, 64, 75, 1, 55, 10, 24, 5, 60, 55, 57, 26, 14, 95, 83, 26, 18, 26, 64, 85, 32, 45, 9, 14, 13, 0, 86, 63, 19, 99, 87, 10, 45, 46, 72, 9, 12, 43, 60, 18, 64, 3, 79, 58, 20, 73, 56, 59, 67, 17, 50, 60, 55, 27, 77, 70, 54, 15, 1, 14, 91, 30, 
31, 70, 34, 6, 5, 25, 38, 20, 51, 20, 21, 69, 6, 24, 11, 42, 24, 62, 35, 4, 34, 71, 40, 59, 73, 3, 61, 26, 62, 70, 21, 9, 31, 68, 85, 52, 50, 37, 45, 48, 67, 21, 19, 31, 2, 69, 98, 28, 16, 95, 20, 80, 46, 95, 75, 89, 17, 21, 44, 60, 53, 51, 11, 24, 3, 0, 98, 44, 46, 48, 42, 77, 10, 63, 32, 45, 90, 91, 81, 3, 62, 84, 45, 94, 71, 17, 78, 15, 13, 38, 26, 47, 72, 26, 66, 88, 24, 11, 35, 25, 5, 
21, 40, 91, 56, 50, 66, 57, 47, 46, 29, 59, 45, 78, 2, 8, 48, 25, 79, 33, 15, 54, 79, 70, 40, 20, 89, 29, 59, 47, 78, 76, 95, 90, 59, 92, 80, 8, 35, 28, 19, 16, 39, 24, 70, 81, 55, 45, 83, 94, 87, 79, 92, 22, 28, 35, 1, 10, 24, 38, 9, 60, 29, 83, 81, 27, 38, 0, 66, 7, 68, 99, 85, 43, 7, 83, 24, 87, 62, 94, 77, 39, 5, 33, 93, 3, 3, 94, 78, 3, 81, 36, 99, 25, 25, 27, 50, 95, 6, 10, 20, 68, 
54, 66, 9, 7, 7, 83, 68, 1, 34, 97, 92, 91, 65, 87, 6, 3, 54, 88, 16, 39, 13, 6, 24, 20, 96, 94, 32, 23, 17, 26, 81, 48, 49, 65, 2, 68, 85, 29, 60, 74, 44, 68, 47, 42, 75, 35, 45, 55, 76, 33, 39, 91, 37, 88, 90, 13, 29, 8, 36, 13, 87, 25, 77, 96, 4, 67, 87, 0, 31, 70, 91, 39, 60, 59, 17, 57, 24, 73, 91, 90, 45, 41, 75, 50, 73, 58, 70, 6, 55, 55, 72, 32, 49, 79, 36, 68, 13, 85, 10, 28, 70, 
65, 85, 20, 52, 92, 73, 83, 22, 13, 82, 3, 9, 11, 24, 92, 57, 49, 14, 3, 89, 9, 59, 26, 11, 12, 22, 57, 42, 58, 94, 8, 1, 83, 68, 41, 43, 98, 60, 82, 61, 44, 13, 91, 1, 35, 14, 70, 83, 27, 57, 6, 59, 52, 66, 18, 91, 53, 92, 52, 26, 77, 73, 18, 93, 84, 30, 15, 51, 0, 44, 88, 60, 34, 93, 80, 53, 32, 74, 17, 86, 50, 53, 50, 93, 24, 40, 91, 83, 71, 17, 90, 11, 56, 38, 52, 20, 53, 4, 11, 38, 75, 
73, 21, 45, 39, 17, 9, 9, 44, 32, 28, 41, 43, 76, 37, 94, 13, 57, 64, 80, 85, 3, 29, 68, 79, 37, 19, 4, 83, 54, 84, 84, 80, 48, 31, 44, 57, 19, 12, 11, 71, 58, 6, 99, 31, 41, 78, 35, 3, 75, 40, 49, 82, 76, 99, 74, 97, 90, 69, 47, 33, 10, 88, 55, 34, 32, 94, 35, 47, 28, 0, 15, 7, 53, 52, 58, 21, 32, 61, 3, 7, 80, 9, 79, 91, 20, 50, 66, 87, 79, 79, 81, 59, 20, 92, 63, 14, 54, 92, 77, 15, 14, 
19, 10, 12, 46, 64, 9, 7, 75, 38, 68, 94, 8, 54, 74, 45, 27, 95, 76, 5, 74, 72, 76, 44, 33, 41, 52, 87, 35, 41, 82, 54, 32, 92, 82, 82, 96, 6, 32, 74, 19, 94, 96, 34, 56, 62, 66, 86, 80, 35, 90, 77, 96, 49, 68, 84, 56, 29, 77, 20, 79, 8, 4, 17, 98, 63, 7, 74, 64, 17, 54, 0, 3, 74, 6, 49, 13, 60, 69, 73, 39, 69, 57, 7, 76, 33, 18, 36, 22, 46, 41, 69, 54, 34, 81, 54, 12, 12, 91, 24, 44, 65, 
46, 99, 57, 56, 5, 8, 54, 13, 71, 15, 67, 85, 1, 12, 68, 62, 77, 16, 50, 98, 1, 75, 84, 36, 39, 60, 33, 98, 78, 81, 41, 51, 4, 29, 3, 14, 43, 30, 46, 89, 77, 18, 46, 80, 66, 45, 13, 19, 41, 57, 21, 47, 45, 42, 90, 48, 14, 49, 79, 39, 89, 7, 89, 84, 59, 77, 98, 4, 34, 63, 96, 0, 27, 83, 35, 37, 27, 48, 50, 42, 80, 32, 28, 61, 92, 99, 26, 25, 83, 10, 6, 40, 32, 46, 91, 77, 46, 6, 18, 38, 51, 
10, 22, 49, 26, 3, 90, 42, 20, 81, 39, 85, 33, 26, 41, 77, 48, 12, 33, 78, 77, 43, 64, 90, 81, 27, 56, 74, 19, 45, 95, 50, 63, 39, 58, 25, 31, 96, 11, 80, 6, 95, 58, 69, 3, 90, 59, 45, 33, 9, 37, 38, 14, 81, 65, 47, 47, 10, 29, 75, 87, 4, 21, 32, 12, 51, 5, 76, 26, 71, 28, 85, 15, 0, 51, 93, 39, 46, 68, 37, 39, 93, 72, 94, 8, 8, 76, 79, 98, 92, 35, 10, 79, 31, 33, 69, 28, 44, 79, 10, 60, 78, 
62, 1, 80, 56, 51, 79, 74, 56, 91, 81, 33, 69, 13, 93, 49, 10, 36, 83, 4, 52, 78, 30, 51, 48, 93, 77, 52, 93, 41, 96, 29, 28, 80, 61, 53, 22, 93, 12, 42, 16, 85, 33, 14, 98, 82, 96, 27, 96, 82, 95, 6, 24, 21, 81, 62, 28, 56, 61, 71, 7, 27, 83, 88, 86, 47, 85, 84, 24, 65, 27, 74, 75, 97, 0, 72, 17, 69, 42, 76, 57, 32, 31, 35, 17, 26, 1, 31, 47, 50, 66, 29, 5, 71, 52, 10, 23, 71, 44, 76, 41, 65, 
4, 37, 80, 68, 99, 72, 1, 80, 28, 36, 86, 58, 73, 88, 43, 79, 58, 48, 44, 16, 3, 93, 22, 48, 89, 21, 92, 83, 71, 42, 34, 12, 94, 58, 66, 51, 11, 60, 28, 74, 48, 55, 44, 7, 9, 29, 71, 67, 7, 70, 21, 83, 29, 63, 78, 55, 72, 52, 14, 71, 78, 23, 96, 83, 26, 38, 21, 46, 64, 1, 32, 89, 2, 38, 0, 58, 67, 84, 30, 25, 72, 76, 82, 17, 79, 16, 81, 31, 9, 41, 96, 24, 96, 10, 12, 7, 42, 99, 31, 99, 58, 
68, 49, 99, 79, 10, 66, 36, 7, 86, 43, 28, 50, 43, 6, 64, 98, 35, 82, 30, 31, 72, 27, 30, 38, 15, 94, 68, 59, 6, 70, 83, 79, 23, 48, 86, 43, 11, 19, 59, 57, 75, 90, 38, 14, 4, 3, 58, 87, 65, 38, 86, 4, 13, 22, 50, 58, 23, 58, 95, 77, 89, 32, 17, 36, 85, 29, 89, 57, 53, 62, 80, 21, 90, 51, 50, 0, 81, 97, 82, 16, 59, 5, 3, 24, 58, 6, 79, 35, 3, 69, 9, 19, 15, 93, 36, 26, 71, 15, 62, 51, 40, 
89, 60, 61, 36, 2, 82, 35, 35, 7, 74, 70, 77, 81, 95, 74, 52, 65, 43, 38, 73, 5, 48, 18, 27, 28, 55, 88, 50, 2, 29, 5, 73, 87, 39, 47, 70, 78, 1, 93, 82, 97, 41, 59, 14, 81, 85, 71, 99, 36, 50, 66, 17, 81, 55, 23, 32, 40, 91, 73, 61, 40, 52, 39, 33, 46, 48, 13, 90, 87, 62, 34, 5, 34, 90, 68, 72, 0, 12, 43, 20, 90, 78, 31, 74, 99, 55, 13, 72, 12, 23, 32, 79, 62, 71, 26, 27, 19, 1, 77, 68, 63, 
82, 77, 77, 55, 15, 59, 56, 53, 29, 98, 32, 91, 32, 64, 42, 48, 85, 24, 29, 77, 7, 61, 5, 41, 69, 41, 94, 75, 56, 66, 87, 97, 99, 32, 80, 74, 34, 67, 7, 62, 2, 60, 51, 44, 37, 22, 58, 93, 52, 19, 13, 57, 77, 45, 62, 72, 52, 45, 95, 48, 82, 45, 23, 66, 56, 1, 26, 11, 48, 57, 30, 63, 84, 41, 97, 49, 62, 0, 30, 34, 30, 84, 53, 10, 45, 90, 85, 24, 65, 69, 23, 31, 39, 28, 45, 6, 40, 27, 71, 38, 79, 
76, 6, 75, 46, 26, 70, 68, 35, 11, 87, 37, 87, 83, 21, 6, 15, 35, 68, 6, 6, 12, 13, 49, 58, 95, 83, 79, 76, 97, 60, 6, 51, 82, 88, 27, 74, 68, 78, 47, 89, 10, 39, 63, 61, 24, 25, 25, 41, 28, 25, 30, 10, 16, 11, 42, 16, 22, 29, 25, 3, 17, 37, 87, 14, 31, 66, 25, 60, 37, 16, 12, 22, 45, 79, 42, 38, 92, 4, 0, 99, 56, 58, 97, 94, 80, 86, 67, 29, 41, 24, 87, 30, 6, 97, 40, 50, 43, 55, 9, 49, 94, 
78, 77, 57, 71, 68, 10, 72, 77, 66, 83, 31, 97, 14, 31, 58, 97, 43, 49, 53, 25, 7, 12, 82, 33, 36, 60, 18, 16, 16, 90, 50, 30, 65, 97, 29, 7, 71, 56, 57, 38, 76, 76, 76, 39, 48, 54, 12, 3, 55, 58, 20, 65, 39, 45, 41, 6, 53, 74, 2, 72, 40, 35, 64, 73, 70, 5, 45, 80, 51, 14, 78, 89, 14, 8, 54, 12, 79, 31, 80, 0, 47, 67, 16, 59, 62, 16, 17, 40, 12, 15, 76, 54, 92, 60, 71, 45, 54, 60, 16, 40, 85, 
49, 66, 49, 22, 89, 54, 45, 89, 2, 48, 22, 75, 5, 9, 85, 77, 60, 43, 35, 63, 58, 1, 27, 19, 30, 26, 35, 13, 98, 52, 22, 88, 87, 52, 56, 84, 7, 19, 13, 84, 32, 75, 31, 95, 10, 96, 57, 91, 29, 53, 52, 53, 72, 17, 72, 37, 47, 99, 54, 34, 21, 82, 59, 64, 81, 36, 95, 30, 27, 59, 84, 11, 34, 55, 88, 5, 15, 28, 39, 21, 0, 25, 43, 4, 97, 29, 19, 20, 6, 8, 25, 33, 30, 82, 66, 57, 89, 37, 25, 43, 65, 
18, 33, 19, 38, 24, 20, 44, 34, 66, 96, 32, 58, 95, 30, 24, 82, 30, 3, 41, 18, 94, 58, 94, 98, 84, 66, 32, 69, 54, 97, 5, 16, 68, 83, 76, 61, 59, 1, 55, 71, 36, 51, 64, 69, 35, 31, 92, 58, 79, 17, 34, 60, 48, 16, 40, 23, 4, 66, 56, 19, 55, 82, 56, 64, 95, 35, 25, 28, 13, 16, 63, 91, 29, 72, 99, 22, 1, 56, 59, 16, 87, 0, 56, 35, 59, 57, 55, 40, 74, 47, 3, 45, 27, 10, 94, 17, 98, 76, 55, 39, 70, 
95, 92, 14, 6, 10, 80, 88, 11, 33, 23, 7, 63, 86, 28, 52, 44, 49, 33, 46, 30, 36, 78, 50, 10, 11, 60, 32, 92, 1, 58, 42, 10, 14, 44, 75, 79, 95, 51, 89, 58, 2, 40, 84, 56, 25, 9, 37, 78, 28, 75, 61, 54, 75, 16, 10, 14, 65, 24, 2, 6, 83, 80, 88, 11, 47, 6, 37, 97, 53, 52, 86, 50, 7, 27, 59, 63, 62, 47, 95, 29, 13, 14, 0, 32, 73, 15, 70, 36, 86, 65, 85, 60, 62, 29, 68, 94, 70, 35, 11, 19, 82, 
25, 32, 16, 34, 35, 5, 13, 66, 28, 89, 46, 86, 97, 28, 78, 34, 65, 74, 98, 47, 11, 34, 74, 33, 42, 8, 75, 78, 66, 86, 40, 44, 69, 70, 67, 89, 11, 90, 69, 82, 82, 76, 64, 55, 58, 20, 56, 99, 56, 52, 61, 22, 92, 55, 83, 97, 45, 61, 20, 27, 28, 65, 31, 92, 34, 37, 54, 20, 78, 9, 30, 41, 18, 89, 14, 39, 8, 2, 18, 46, 34, 58, 24, 0, 9, 65, 41, 65, 66, 59, 62, 2, 71, 26, 2, 18, 81, 58, 95, 85, 65, 
69, 91, 45, 90, 26, 27, 25, 39, 97, 72, 71, 46, 57, 7, 63, 92, 2, 53, 92, 78, 24, 98, 43, 26, 60, 52, 61, 79, 89, 82, 2, 35, 93, 66, 87, 24, 69, 13, 41, 23, 94, 64, 68, 88, 61, 79, 72, 1, 41, 9, 35, 84, 5, 47, 76, 84, 34, 50, 22, 94, 18, 96, 61, 50, 91, 37, 75, 20, 20, 43, 77, 18, 99, 21, 6, 54, 52, 75, 63, 77, 86, 48, 51, 87, 0, 74, 33, 75, 13, 99, 99, 38, 88, 35, 45, 3, 78, 25, 30, 93, 51, 
11, 46, 57, 70, 40, 66, 37, 46, 30, 25, 58, 19, 9, 3, 9, 84, 53, 48, 71, 74, 43, 96, 99, 38, 74, 43, 4, 84, 16, 98, 5, 41, 68, 16, 66, 72, 85, 85, 88, 75, 22, 64, 60, 31, 38, 29, 55, 84, 36, 72, 37, 87, 77, 94, 11, 92, 87, 97, 30, 26, 71, 37, 82, 64, 22, 66, 26, 23, 23, 72, 66, 5, 52, 44, 31, 20, 12, 30, 46, 95, 78, 30, 98, 56, 51, 0, 44, 75, 71, 63, 86, 95, 61, 18, 37, 30, 1, 24, 1, 85, 33, 
92, 60, 38, 16, 89, 11, 43, 43, 22, 26, 91, 39, 37, 39, 60, 82, 25, 94, 34, 56, 59, 1, 63, 82, 20, 10, 26, 76, 53, 37, 1, 20, 49, 62, 29, 77, 23, 34, 85, 54, 8, 33, 84, 47, 8, 20, 25, 11, 70, 81, 15, 25, 93, 70, 51, 10, 85, 9, 31, 29, 80, 39, 67, 61, 96, 21, 69, 51, 93, 46, 81, 37, 40, 13, 29, 80, 79, 48, 54, 94, 51, 3, 64, 71, 90, 11, 0, 95, 46, 23, 37, 20, 5, 82, 10, 53, 23, 69, 18, 91, 23, 
39, 1, 18, 60, 22, 65, 65, 22, 6, 20, 47, 78, 65, 25, 85, 75, 13, 5, 98, 58, 46, 60, 3, 75, 86, 22, 58, 55, 53, 49, 59, 79, 84, 72, 93, 9, 21, 57, 23, 30, 45, 29, 59, 4, 38, 14, 75, 50, 65, 29, 74, 99, 93, 41, 46, 61, 53, 11, 85, 6, 83, 32, 89, 20, 91, 21, 71, 45, 48, 42, 2, 61, 9, 2, 49, 28, 10, 79, 79, 8, 28, 13, 15, 70, 19, 58, 56, 0, 94, 62, 17, 78, 23, 34, 33, 3, 72, 41, 93, 56, 20, 
17, 28, 88, 19, 18, 64, 72, 89, 39, 99, 79, 33, 52, 55, 85, 3, 46, 89, 13, 59, 93, 74, 52, 31, 63, 23, 55, 48, 93, 88, 26, 5, 29, 79, 87, 89, 11, 11, 79, 13, 52, 18, 53, 14, 42, 60, 7, 40, 73, 67, 34, 23, 77, 78, 86, 42, 77, 3, 6, 64, 84, 61, 95, 79, 29, 72, 69, 13, 49, 51, 94, 54, 47, 76, 59, 1, 62, 70, 75, 11, 4, 69, 53, 84, 23, 29, 68, 19, 0, 34, 9, 99, 83, 95, 20, 52, 28, 47, 43, 42, 39, 
24, 83, 71, 91, 11, 32, 29, 96, 14, 85, 19, 26, 41, 58, 19, 65, 67, 72, 38, 54, 99, 67, 30, 61, 14, 12, 91, 49, 10, 87, 15, 77, 99, 61, 26, 88, 56, 44, 43, 57, 42, 37, 11, 72, 68, 72, 67, 56, 16, 61, 6, 83, 44, 68, 37, 60, 80, 27, 13, 42, 58, 91, 4, 17, 19, 98, 26, 45, 17, 93, 80, 93, 52, 35, 33, 80, 46, 30, 21, 45, 69, 67, 77, 13, 41, 94, 91, 64, 40, 0, 42, 87, 29, 5, 60, 42, 83, 76, 23, 46, 50, 
73, 77, 26, 98, 70, 20, 72, 53, 90, 72, 40, 66, 33, 7, 38, 60, 78, 37, 73, 91, 53, 12, 92, 68, 11, 21, 77, 70, 79, 49, 91, 75, 89, 90, 48, 71, 53, 23, 19, 74, 80, 65, 34, 31, 3, 20, 74, 40, 59, 79, 69, 99, 11, 60, 81, 68, 37, 76, 73, 17, 40, 85, 22, 14, 27, 6, 99, 76, 17, 71, 82, 28, 61, 3, 40, 44, 54, 97, 10, 72, 73, 35, 45, 53, 57, 87, 62, 20, 97, 59, 0, 58, 40, 90, 9, 67, 20, 10, 63, 30, 4, 
95, 30, 31, 42, 67, 95, 31, 29, 50, 95, 92, 54, 65, 9, 98, 96, 91, 28, 54, 1, 51, 7, 85, 28, 44, 24, 52, 87, 91, 45, 28, 7, 76, 50, 90, 34, 18, 27, 39, 34, 19, 77, 78, 95, 72, 40, 30, 68, 84, 39, 41, 50, 92, 17, 96, 51, 58, 26, 15, 21, 91, 70, 25, 50, 92, 84, 61, 85, 2, 43, 89, 31, 79, 77, 80, 88, 22, 35, 5, 9, 42, 78, 71, 57, 87, 86, 24, 47, 97, 63, 37, 0, 13, 73, 5, 41, 60, 48, 1, 42, 45, 
57, 75, 65, 84, 68, 65, 52, 44, 92, 91, 75, 49, 33, 39, 38, 13, 17, 24, 51, 30, 57, 52, 99, 64, 39, 43, 17, 18, 96, 70, 97, 4, 94, 38, 96, 53, 13, 27, 26, 89, 23, 60, 20, 6, 84, 42, 54, 27, 96, 38, 86, 18, 86, 47, 60, 49, 18, 50, 20, 77, 12, 40, 20, 36, 15, 12, 69, 61, 25, 85, 28, 8, 46, 58, 4, 25, 70, 4, 62, 94, 94, 96, 91, 74, 87, 58, 95, 67, 29, 75, 96, 29, 0, 6, 6, 18, 61, 25, 84, 96, 7, 
86, 88, 51, 43, 64, 38, 6, 24, 56, 23, 63, 10, 30, 88, 95, 44, 2, 28, 60, 42, 29, 43, 58, 58, 79, 7, 11, 83, 3, 90, 62, 13, 28, 76, 76, 39, 55, 3, 53, 92, 27, 75, 96, 23, 41, 83, 8, 95, 2, 28, 67, 96, 44, 10, 14, 71, 53, 38, 87, 69, 11, 50, 85, 51, 54, 36, 50, 26, 4, 14, 63, 76, 43, 95, 87, 29, 43, 11, 61, 2, 70, 60, 92, 24, 33, 60, 24, 61, 5, 73, 5, 16, 71, 0, 27, 33, 13, 34, 29, 75, 82, 
14, 95, 26, 39, 92, 64, 43, 9, 12, 32, 23, 97, 56, 9, 54, 42, 83, 15, 67, 44, 75, 64, 51, 16, 10, 58, 78, 45, 70, 4, 1, 91, 11, 40, 62, 29, 37, 67, 6, 24, 31, 27, 21, 4, 82, 46, 77, 37, 52, 79, 96, 23, 73, 66, 71, 53, 32, 87, 8, 31, 30, 64, 75, 75, 20, 50, 6, 3, 43, 45, 69, 16, 69, 20, 56, 60, 78, 48, 97, 77, 50, 57, 44, 99, 5, 83, 5, 84, 6, 70, 70, 24, 50, 46, 0, 89, 63, 80, 38, 41, 75, 
91, 51, 80, 20, 39, 84, 83, 78, 85, 89, 59, 63, 31, 25, 72, 71, 76, 27, 30, 63, 50, 78, 91, 53, 87, 28, 27, 60, 6, 35, 89, 75, 26, 76, 97, 18, 16, 79, 15, 54, 89, 58, 17, 29, 89, 27, 70, 93, 91, 23, 44, 31, 41, 62, 22, 78, 4, 66, 5, 46, 65, 52, 14, 78, 8, 79, 59, 55, 63, 12, 45, 60, 93, 39, 84, 12, 81, 95, 16, 88, 18, 35, 2, 61, 61, 65, 76, 41, 52, 83, 37, 76, 56, 56, 77, 0, 14, 62, 65, 13, 70, 
37, 51, 30, 45, 80, 93, 29, 67, 16, 31, 86, 92, 68, 68, 48, 98, 64, 42, 57, 27, 72, 90, 38, 40, 72, 91, 79, 34, 19, 6, 32, 26, 45, 23, 75, 19, 24, 50, 29, 17, 30, 62, 10, 80, 93, 1, 47, 26, 5, 26, 29, 28, 77, 52, 13, 88, 66, 40, 90, 85, 80, 12, 69, 81, 60, 90, 15, 44, 20, 83, 51, 55, 47, 13, 3, 6, 82, 93, 22, 53, 30, 78, 98, 20, 99, 44, 6, 49, 9, 43, 84, 60, 68, 37, 55, 56, 0, 98, 46, 10, 72, 
73, 35, 3, 49, 86, 66, 98, 8, 62, 38, 43, 35, 72, 40, 48, 35, 36, 31, 36, 23, 5, 50, 68, 72, 18, 80, 11, 72, 17, 11, 67, 84, 51, 16, 85, 83, 1, 52, 54, 1, 99, 92, 32, 65, 16, 44, 29, 29, 16, 36, 67, 57, 79, 55, 14, 38, 57, 68, 64, 28, 30, 96, 61, 88, 88, 58, 79, 21, 1, 47, 88, 65, 97, 84, 96, 4, 14, 7, 94, 18, 50, 44, 17, 96, 1, 24, 26, 44, 92, 64, 27, 16, 30, 72, 98, 43, 82, 0, 69, 63, 83, 
31, 32, 66, 1, 33, 40, 3, 20, 99, 79, 74, 22, 67, 92, 11, 26, 25, 33, 91, 95, 65, 95, 76, 44, 86, 14, 30, 26, 21, 26, 69, 51, 78, 75, 98, 60, 58, 5, 90, 27, 3, 55, 31, 65, 35, 71, 32, 10, 12, 39, 63, 71, 98, 17, 83, 67, 6, 29, 72, 49, 13, 6, 68, 71, 26, 4, 67, 53, 47, 54, 7, 56, 11, 1, 54, 83, 33, 64, 54, 55, 96, 20, 93, 6, 43, 47, 83, 23, 96, 67, 8, 5, 83, 48, 27, 23, 10, 98, 0, 64, 20, 
74, 91, 9, 5, 45, 75, 16, 19, 71, 6, 29, 94, 41, 14, 57, 69, 28, 68, 60, 96, 78, 68, 37, 67, 12, 26, 3, 92, 29, 74, 98, 10, 81, 28, 33, 50, 76, 2, 19, 46, 48, 76, 43, 19, 35, 54, 3, 80, 99, 55, 64, 26, 57, 24, 53, 24, 93, 41, 28, 92, 49, 6, 79, 48, 91, 74, 76, 29, 17, 99, 44, 12, 9, 65, 24, 58, 43, 18, 11, 40, 29, 49, 43, 99, 37, 44, 56, 87, 90, 91, 10, 84, 85, 73, 25, 79, 69, 42, 36, 0, 6, 
41, 1, 84, 39, 94, 96, 3, 36, 77, 53, 89, 61, 48, 39, 53, 26, 65, 30, 24, 93, 79, 23, 74, 91, 89, 45, 95, 91, 57, 64, 6, 14, 85, 23, 55, 23, 73, 90, 1, 7, 73, 60, 41, 59, 13, 46, 83, 29, 62, 89, 14, 61, 69, 65, 54, 75, 72, 88, 91, 1, 81, 53, 54, 76, 78, 23, 86, 39, 45, 30, 30, 22, 21, 41, 14, 12, 10, 22, 38, 57, 30, 14, 85, 89, 23, 26, 1, 72, 20, 89, 2, 64, 47, 30, 79, 11, 38, 93, 34, 35, 0, 
