@SMTTCC

@jobs
0,0
48,67
46,57
86,63
94,30
116,85
126,66
311,8
254,65
441,64
459,6
275,84
397,79
528,36
229,52
515,91
471,37
725,81
574,64
428,9
457,10
659,58
433,57
844,98
612,33
635,2
927,52
674,8
505,65
1244,39
909,31
1115,14
1053,92
833,17
1133,88
775,94
1616,83
637,4
1474,94
1621,35
734,7
673,72
1778,74
972,10
815,6
1504,36
1613,96
1680,60
1548,85
1380,72
1902,48

@changeover
0, 38, 51, 56, 81, 29, 13, 87, 84, 44, 19, 8, 46, 97, 48, 16, 32, 83, 16, 2, 18, 51, 56, 68, 35, 79, 96, 71, 25, 83, 15, 78, 16, 5, 18, 44, 95, 32, 48, 72, 84, 91, 78, 89, 66, 35, 69, 16, 5, 39, 44, 
33, 0, 33, 93, 57, 52, 54, 80, 44, 38, 94, 57, 58, 84, 67, 60, 90, 37, 2, 18, 55, 98, 42, 93, 39, 58, 20, 16, 93, 39, 29, 45, 66, 10, 95, 78, 22, 70, 41, 69, 55, 72, 40, 17, 36, 9, 68, 53, 94, 20, 59, 
13, 91, 0, 27, 16, 10, 5, 16, 55, 98, 87, 10, 18, 79, 32, 37, 17, 92, 20, 90, 61, 52, 58, 74, 6, 12, 41, 26, 61, 79, 3, 65, 91, 26, 70, 66, 65, 64, 32, 9, 63, 57, 41, 44, 42, 18, 89, 26, 94, 5, 67, 
18, 62, 32, 0, 70, 36, 18, 31, 43, 6, 22, 75, 17, 86, 43, 31, 57, 54, 32, 19, 78, 34, 44, 90, 88, 23, 4, 62, 66, 55, 46, 59, 53, 45, 67, 34, 36, 67, 2, 63, 6, 83, 78, 64, 55, 43, 92, 69, 22, 32, 11, 
13, 11, 84, 19, 0, 13, 83, 71, 36, 91, 95, 74, 24, 3, 47, 91, 73, 51, 82, 32, 6, 74, 98, 98, 3, 42, 93, 91, 69, 66, 12, 96, 31, 84, 42, 66, 91, 46, 54, 80, 4, 30, 61, 66, 9, 88, 45, 15, 9, 11, 63, 
80, 44, 26, 68, 3, 0, 65, 93, 56, 16, 8, 92, 73, 34, 7, 61, 64, 7, 45, 67, 14, 45, 72, 7, 41, 11, 12, 55, 39, 85, 62, 53, 34, 37, 1, 93, 65, 2, 10, 29, 60, 21, 12, 19, 78, 39, 20, 35, 89, 50, 86, 
99, 71, 15, 52, 27, 49, 0, 7, 20, 73, 59, 11, 33, 53, 97, 9, 82, 64, 14, 34, 6, 25, 21, 52, 73, 21, 5, 12, 40, 38, 16, 37, 92, 39, 41, 53, 92, 61, 56, 97, 89, 23, 12, 11, 82, 76, 90, 72, 40, 46, 69, 
42, 44, 8, 84, 62, 88, 92, 0, 11, 40, 85, 13, 92, 56, 39, 5, 64, 37, 23, 31, 58, 42, 68, 48, 54, 39, 76, 94, 84, 24, 22, 60, 63, 93, 51, 19, 90, 90, 10, 5, 17, 10, 48, 84, 89, 7, 81, 26, 33, 85, 22, 
74, 68, 4, 42, 36, 53, 75, 46, 0, 10, 79, 98, 46, 45, 92, 80, 62, 48, 86, 19, 63, 42, 27, 11, 93, 40, 84, 33, 37, 32, 73, 36, 37, 93, 14, 84, 78, 28, 41, 74, 24, 25, 50, 19, 57, 43, 12, 65, 91, 92, 40, 
95, 46, 40, 47, 7, 90, 76, 40, 58, 0, 67, 50, 44, 83, 35, 23, 77, 4, 64, 11, 71, 40, 14, 9, 8, 39, 65, 4, 35, 54, 39, 79, 35, 39, 39, 72, 13, 84, 88, 57, 1, 89, 94, 75, 71, 32, 1, 13, 17, 26, 74, 
43, 50, 72, 74, 98, 92, 77, 32, 62, 1, 0, 71, 8, 52, 12, 39, 70, 21, 64, 93, 7, 20, 42, 84, 94, 96, 38, 10, 36, 28, 83, 66, 13, 97, 89, 10, 79, 5, 3, 2, 9, 17, 92, 49, 55, 73, 97, 78, 48, 1, 81, 
79, 49, 19, 70, 31, 2, 19, 29, 84, 46, 66, 0, 11, 83, 54, 10, 77, 52, 81, 79, 4, 90, 94, 32, 76, 53, 94, 46, 25, 80, 3, 8, 37, 66, 80, 20, 58, 9, 52, 74, 2, 74, 16, 57, 90, 41, 59, 17, 91, 19, 57, 
60, 86, 75, 9, 27, 97, 21, 5, 16, 26, 90, 22, 0, 44, 87, 33, 47, 63, 73, 44, 28, 38, 16, 4, 77, 16, 62, 76, 65, 22, 30, 92, 58, 70, 2, 13, 61, 85, 44, 7, 3, 69, 3, 23, 45, 80, 45, 3, 39, 6, 16, 
78, 37, 96, 38, 40, 39, 84, 80, 30, 32, 8, 58, 21, 0, 95, 36, 93, 11, 73, 75, 23, 91, 73, 56, 99, 53, 21, 77, 78, 19, 99, 97, 27, 35, 82, 42, 39, 22, 79, 26, 37, 77, 45, 92, 11, 33, 32, 37, 78, 83, 25, 
12, 9, 72, 6, 13, 2, 9, 79, 91, 54, 53, 75, 67, 53, 0, 80, 36, 20, 41, 75, 50, 55, 59, 54, 85, 46, 35, 65, 78, 32, 74, 78, 13, 36, 13, 96, 83, 90, 72, 53, 82, 74, 46, 81, 27, 13, 99, 77, 87, 78, 59, 
25, 99, 34, 15, 55, 96, 13, 38, 61, 12, 67, 90, 85, 23, 60, 0, 11, 64, 50, 43, 3, 20, 21, 75, 53, 96, 83, 9, 84, 46, 2, 74, 88, 88, 5, 12, 40, 88, 78, 53, 77, 29, 22, 57, 29, 4, 50, 21, 26, 58, 41, 
87, 4, 26, 95, 48, 31, 3, 27, 93, 42, 94, 43, 98, 30, 28, 2, 0, 93, 57, 62, 97, 76, 72, 69, 94, 45, 39, 62, 11, 38, 72, 52, 50, 42, 44, 86, 31, 19, 22, 25, 69, 82, 44, 9, 59, 28, 14, 2, 39, 49, 90, 
11, 58, 33, 28, 47, 53, 25, 29, 54, 97, 62, 90, 44, 34, 27, 52, 76, 0, 86, 29, 77, 81, 94, 89, 56, 93, 9, 83, 96, 24, 44, 21, 12, 29, 11, 88, 7, 5, 31, 20, 91, 90, 90, 95, 66, 92, 93, 22, 66, 59, 71, 
74, 70, 38, 30, 36, 76, 76, 70, 19, 26, 35, 22, 75, 92, 30, 74, 68, 23, 0, 14, 69, 27, 34, 43, 75, 94, 35, 50, 17, 59, 54, 75, 83, 39, 78, 88, 56, 46, 12, 73, 21, 38, 46, 76, 49, 25, 93, 23, 68, 33, 33, 
40, 23, 17, 47, 21, 88, 90, 13, 76, 92, 6, 68, 34, 35, 47, 51, 14, 49, 62, 0, 47, 52, 87, 80, 28, 39, 27, 16, 95, 94, 3, 10, 58, 38, 52, 30, 77, 26, 54, 74, 13, 57, 99, 34, 28, 68, 16, 24, 14, 92, 47, 
91, 17, 12, 56, 83, 84, 56, 21, 22, 77, 4, 39, 90, 47, 90, 15, 43, 60, 4, 10, 0, 82, 29, 1, 69, 78, 55, 11, 85, 84, 85, 99, 47, 47, 92, 1, 18, 17, 33, 28, 5, 62, 7, 6, 1, 54, 76, 76, 91, 95, 81, 
43, 68, 88, 80, 99, 99, 88, 55, 25, 83, 5, 10, 75, 83, 41, 84, 97, 59, 59, 72, 32, 0, 30, 25, 9, 24, 83, 56, 46, 37, 61, 6, 99, 48, 3, 73, 77, 14, 57, 85, 54, 54, 40, 96, 59, 78, 43, 92, 88, 82, 5, 
85, 95, 53, 31, 8, 80, 16, 84, 95, 51, 36, 46, 78, 66, 90, 49, 69, 18, 22, 72, 34, 44, 0, 32, 28, 6, 74, 52, 34, 45, 68, 75, 62, 46, 98, 38, 15, 32, 10, 97, 91, 87, 32, 76, 29, 30, 29, 45, 55, 96, 20, 
34, 96, 28, 36, 92, 31, 80, 40, 4, 38, 81, 24, 37, 84, 97, 4, 25, 30, 42, 97, 41, 52, 55, 0, 15, 26, 17, 62, 74, 99, 81, 61, 4, 6, 37, 40, 68, 91, 15, 61, 65, 78, 50, 12, 40, 66, 54, 14, 28, 30, 21, 
45, 1, 37, 7, 77, 89, 32, 10, 39, 49, 59, 98, 52, 13, 74, 10, 70, 87, 40, 15, 54, 89, 13, 27, 0, 52, 96, 97, 11, 88, 51, 84, 58, 77, 4, 21, 76, 67, 7, 38, 67, 61, 99, 69, 36, 61, 52, 59, 70, 50, 54, 
35, 24, 85, 27, 93, 45, 23, 22, 56, 81, 89, 7, 78, 17, 90, 95, 79, 16, 8, 61, 72, 16, 45, 95, 55, 0, 34, 38, 17, 44, 65, 34, 46, 89, 9, 4, 63, 92, 54, 30, 32, 31, 10, 66, 83, 58, 17, 39, 27, 30, 47, 
86, 65, 19, 50, 12, 74, 95, 75, 78, 47, 31, 50, 6, 71, 11, 75, 15, 25, 46, 2, 22, 94, 46, 15, 39, 17, 0, 58, 39, 92, 83, 54, 57, 2, 8, 51, 29, 47, 4, 7, 88, 43, 56, 89, 42, 30, 63, 82, 6, 88, 41, 
45, 29, 60, 94, 47, 49, 12, 67, 43, 21, 51, 83, 68, 98, 34, 9, 76, 81, 28, 94, 86, 82, 67, 72, 91, 1, 74, 0, 58, 55, 94, 52, 6, 42, 15, 87, 1, 71, 10, 86, 17, 85, 35, 63, 81, 41, 65, 94, 32, 2, 45, 
66, 35, 62, 95, 43, 51, 73, 39, 79, 82, 75, 85, 91, 60, 54, 84, 22, 33, 41, 17, 77, 22, 23, 55, 65, 76, 82, 27, 0, 68, 18, 76, 77, 26, 26, 50, 78, 41, 64, 94, 78, 69, 89, 41, 42, 58, 27, 49, 29, 33, 31, 
43, 74, 88, 39, 1, 22, 1, 64, 28, 33, 91, 74, 95, 54, 95, 84, 24, 66, 10, 96, 18, 6, 92, 93, 88, 20, 84, 90, 22, 0, 78, 12, 31, 22, 39, 85, 94, 35, 5, 74, 28, 41, 74, 94, 51, 29, 48, 84, 54, 64, 75, 
52, 51, 9, 50, 11, 11, 26, 77, 71, 35, 77, 7, 8, 49, 32, 49, 19, 42, 58, 42, 9, 53, 74, 38, 90, 32, 95, 94, 13, 75, 0, 81, 26, 75, 24, 15, 58, 66, 54, 65, 21, 37, 27, 42, 28, 30, 51, 39, 56, 91, 29, 
8, 58, 8, 96, 53, 41, 78, 82, 35, 46, 56, 55, 55, 65, 93, 66, 88, 51, 24, 11, 13, 81, 24, 98, 45, 73, 23, 67, 51, 93, 11, 0, 18, 7, 7, 37, 9, 55, 19, 56, 25, 38, 92, 96, 63, 94, 63, 64, 25, 81, 71, 
17, 3, 32, 20, 94, 45, 63, 86, 58, 85, 27, 84, 36, 20, 17, 23, 71, 93, 83, 25, 65, 77, 69, 8, 46, 93, 93, 47, 43, 32, 14, 93, 0, 66, 80, 60, 17, 91, 50, 12, 20, 27, 52, 48, 54, 83, 47, 55, 55, 88, 56, 
4, 35, 7, 71, 40, 13, 82, 74, 57, 91, 1, 57, 42, 83, 19, 4, 9, 41, 75, 43, 40, 62, 57, 13, 94, 24, 71, 9, 3, 54, 23, 81, 86, 0, 3, 39, 67, 66, 37, 76, 59, 62, 15, 65, 71, 93, 36, 50, 42, 72, 99, 
71, 7, 59, 72, 82, 7, 21, 88, 98, 32, 45, 98, 5, 51, 52, 82, 94, 92, 43, 28, 98, 85, 61, 35, 15, 77, 71, 61, 51, 3, 97, 5, 4, 83, 0, 79, 3, 24, 66, 5, 77, 96, 94, 55, 7, 47, 59, 62, 23, 77, 91, 
13, 43, 57, 83, 50, 18, 98, 78, 97, 99, 28, 63, 81, 19, 10, 21, 67, 79, 62, 12, 88, 83, 65, 49, 62, 85, 8, 32, 65, 29, 1, 12, 53, 40, 59, 0, 43, 46, 37, 10, 18, 22, 64, 42, 53, 80, 48, 30, 26, 47, 47, 
29, 87, 99, 92, 13, 7, 78, 98, 88, 61, 70, 11, 12, 95, 26, 99, 84, 45, 37, 25, 82, 26, 43, 7, 13, 97, 22, 22, 86, 50, 12, 37, 46, 63, 49, 56, 0, 37, 30, 30, 47, 37, 87, 68, 13, 53, 80, 79, 91, 46, 35, 
14, 24, 41, 95, 80, 62, 24, 73, 50, 6, 68, 40, 29, 23, 90, 97, 34, 61, 1, 70, 88, 57, 55, 67, 18, 12, 7, 83, 40, 56, 81, 24, 85, 94, 47, 32, 99, 0, 31, 73, 91, 38, 67, 6, 64, 66, 66, 4, 10, 37, 54, 
75, 46, 64, 31, 8, 20, 23, 49, 13, 67, 75, 14, 53, 72, 49, 99, 22, 1, 42, 90, 45, 93, 86, 14, 45, 27, 39, 51, 73, 74, 20, 87, 90, 82, 32, 55, 38, 25, 0, 91, 24, 69, 13, 75, 17, 80, 85, 14, 82, 49, 87, 
75, 55, 20, 68, 78, 89, 19, 93, 70, 97, 63, 20, 51, 32, 36, 79, 63, 25, 92, 89, 9, 95, 31, 97, 10, 15, 63, 18, 51, 54, 40, 3, 68, 84, 68, 56, 64, 60, 76, 0, 65, 63, 93, 52, 45, 21, 61, 41, 64, 81, 59, 
74, 97, 72, 5, 20, 64, 96, 46, 18, 57, 31, 97, 44, 98, 61, 48, 84, 47, 37, 36, 36, 85, 42, 10, 85, 2, 73, 39, 54, 9, 40, 50, 24, 3, 17, 11, 55, 40, 15, 64, 0, 91, 20, 74, 49, 68, 1, 58, 15, 49, 92, 
60, 64, 37, 48, 66, 57, 65, 39, 76, 25, 12, 58, 94, 52, 19, 42, 25, 73, 69, 97, 12, 46, 45, 57, 15, 86, 65, 25, 56, 25, 91, 53, 27, 54, 98, 95, 69, 64, 89, 61, 23, 0, 55, 71, 78, 47, 17, 86, 25, 93, 30, 
39, 29, 38, 48, 82, 76, 25, 13, 88, 69, 95, 51, 2, 48, 36, 29, 51, 64, 34, 1, 71, 83, 91, 41, 61, 29, 25, 5, 89, 76, 72, 96, 64, 50, 3, 11, 54, 87, 36, 27, 96, 35, 0, 79, 33, 8, 52, 30, 37, 18, 63, 
39, 78, 70, 41, 96, 79, 25, 72, 84, 13, 3, 40, 73, 1, 93, 29, 72, 18, 30, 27, 96, 67, 50, 27, 26, 73, 95, 77, 20, 37, 12, 87, 96, 10, 41, 52, 64, 17, 25, 81, 44, 75, 89, 0, 89, 94, 81, 11, 44, 64, 65, 
42, 56, 56, 48, 63, 48, 48, 77, 51, 34, 71, 33, 10, 84, 3, 58, 4, 9, 86, 56, 53, 17, 58, 45, 75, 8, 68, 30, 19, 88, 51, 6, 9, 31, 16, 58, 62, 7, 10, 59, 84, 95, 15, 33, 0, 46, 23, 34, 47, 53, 23, 
44, 75, 24, 23, 54, 29, 76, 56, 72, 3, 48, 29, 44, 50, 81, 55, 64, 88, 67, 53, 28, 64, 58, 66, 98, 2, 72, 46, 61, 15, 68, 71, 88, 29, 95, 61, 66, 63, 6, 75, 70, 37, 97, 73, 82, 0, 5, 17, 4, 44, 85, 
37, 43, 20, 81, 40, 65, 78, 94, 73, 44, 87, 23, 61, 37, 64, 73, 13, 32, 24, 90, 98, 63, 88, 59, 30, 87, 33, 4, 80, 54, 66, 63, 36, 48, 91, 99, 1, 28, 65, 45, 2, 43, 43, 99, 21, 68, 0, 71, 11, 59, 95, 
61, 24, 75, 95, 43, 17, 46, 78, 59, 70, 93, 97, 74, 88, 73, 26, 84, 1, 32, 3, 63, 94, 20, 13, 8, 27, 72, 6, 22, 55, 4, 27, 33, 9, 16, 98, 9, 66, 33, 5, 15, 40, 34, 94, 6, 72, 72, 0, 50, 99, 14, 
27, 55, 81, 85, 15, 12, 62, 40, 82, 7, 19, 88, 33, 58, 53, 34, 36, 9, 41, 60, 66, 76, 92, 76, 42, 85, 47, 73, 2, 18, 67, 66, 89, 10, 23, 84, 85, 72, 21, 93, 37, 94, 68, 58, 4, 21, 37, 87, 0, 83, 8, 
64, 36, 59, 70, 60, 55, 22, 93, 99, 30, 12, 57, 44, 31, 86, 84, 14, 87, 19, 71, 10, 6, 69, 31, 72, 74, 88, 51, 60, 6, 4, 65, 56, 16, 81, 55, 52, 59, 63, 72, 71, 14, 70, 27, 53, 3, 16, 11, 11, 0, 76, 
56, 89, 4, 97, 79, 1, 40, 94, 65, 54, 71, 7, 17, 11, 41, 33, 66, 30, 45, 68, 93, 46, 90, 52, 36, 76, 67, 8, 6, 96, 87, 57, 47, 94, 75, 57, 75, 82, 31, 93, 72, 68, 27, 67, 44, 29, 57, 56, 25, 22, 0, 
